Id	Desc	BattleType	PointType	PointSubType	DataID	PosX	PosZ	FaceDirection	TeamType	AIFirstPointId	PointMode	GroupId
INT	STRING	INT	INT	INT	INT	FLOAT	FLOAT	FLOAT	INT	INT	INT	INT
#MAX_ID=4999;MAX_RECORD=5000;TableType=Hash;												
#唯一标示	描述，策划维护，此列程序不读	战斗类型(1：新手战场_抢金币 2：竞技_废弃 3：冒险_废弃 4：练习_废弃 5:娱乐战场_抢金币 6 天赋测试)	激活点类型（0:Buff点 1:玩家出生点 2：战场占据点 3：战场投掷物创建点 4：战场补血点 5：战场图腾点 6：战场npc出生点 7：小金币生成点 8：中金币生成点 9：大金币生成点 10：安全区中心点 11：安全区复活点 12：底座	激活点子类型，用于区分同一类激活点下不同类型的实例，0为默认【NPC】：1-事件NPC（劫掠时刻）“金矿车”出生点 2-事件NPC（追逐时刻）“夺金BOSS”出生点 3-事件NPC（逃亡时刻）“终极BOSS”出生点）4-事件NPC“货船”  5-1个野怪“木桩” 6-2个野怪 7-3个野怪 8-7个野怪【投掷物】：1-黄金钱罐	战场点的属性ID（根据点的类型从各自对应的表中读取）	位置X	位置Z	朝向(弧度数值)	归属的阵营类型(-1:其他0:一队 1：二队 2:三队 3：四队 4：五队 5：六队)	AI巡逻路径的初始点ID	激活点模式(目前仅玩家出生点生效)（0：通用 1：混战 2：双方 3：三方 4：四方 5：五方 6：六方）	群体ID，目前仅对NPC生效
#此行必须有!!客户端确定是否需要读到内存	规则为填写S则不读，否则就会读取到客户端											
#101001	新手战场（空中花园_抢金币）_持续补血区域	1	0	0	10001	-1.4	-2.44	0	-1	-1	0	-1
102001	新手战场（空中花园_抢金币）_玩家小队出生点001	1	1	0	10001	-0.12	34.79	80.31058	-1	-1	1	-1
102002	新手战场（空中花园_抢金币）_玩家小队出生点002	1	1	0	10001	29.75219	17.20226	326.2503	-1	-1	1	-1
102003	新手战场（空中花园_抢金币）_玩家小队出生点003	1	1	0	10001	29.6349	-17.22372	30.17427	-1	-1	1	-1
102004	新手战场（空中花园_抢金币）_玩家小队出生点004	1	1	0	10001	-0.11	-35.01	275.9273	-1	-1	1	-1
102005	新手战场（空中花园_抢金币）_玩家小队出生点005	1	1	0	10001	-30.02429	16.97478	275.5551	-1	-1	1	-1
102006	新手战场（空中花园_抢金币）_玩家小队出生点006	1	1	0	10001	-30.42	-17.66	103.2458	-1	-1	1	-1
#102007	新手战场（空中花园_抢金币）_玩家小队出生点007	1	1	0	10001	0	-60	0	-1	-1	1	-1
#102008	新手战场（空中花园_抢金币）_玩家小队出生点008	1	1	0	10001	60	0	0	-1	-1	1	-1
#102006	新手战场（空中花园_抢金币）_玩家小队出生点009	1	1	0	10001	-60	0	0	-1	-1	1	-1
#102007	新手战场（空中花园_抢金币）_玩家小队出生点010	1	1	0	10001	0	60	0	-1	-1	1	-1
102101	新手战场（空中花园_抢金币）_三方_蓝队玩家小队出生点001	1	1	0	10001	1.48	34.04	143.9174	0	-1	3	-1
102102	新手战场（空中花园_抢金币）_三方_蓝队玩家小队出生点002	1	1	0	10001	-1.15	33.71	217.7149	0	-1	3	-1
102104	新手战场（空中花园_抢金币）_三方_红队玩家小队出生点001	1	1	0	10001	31.08	-18.76	158.5494	1	-1	3	-1
102105	新手战场（空中花园_抢金币）_三方_红队玩家小队出生点002	1	1	0	10001	28.47	-18.79	235.6272	1	-1	3	-1
102107	新手战场（空中花园_抢金币）_三方_黄队玩家小队出生点001	1	1	0	10001	-29.28	-18.52	103.2458	2	-1	3	-1
102108	新手战场（空中花园_抢金币）_三方_黄队玩家小队出生点002	1	1	0	10001	-30.78	-18.11	240.7943	2	-1	3	-1
#103001	新手战场（空中花园_抢金币）_普通NPC“金币矿工”刷新点001	1	7	0	100001	39.87	-11.11	0	-1	-1	0	-1
#103002	新手战场（空中花园_抢金币）_普通NPC“金币矿工”刷新点002	1	7	0	100001	-33.8	-26.78	0	-1	-1	0	-1
#103003	新手战场（空中花园_抢金币）_普通NPC“金币矿工”刷新点003	1	7	0	100001	-23.86	-26.78	0	-1	-1	0	-1
103004	新手战场（空中花园_抢金币）_普通NPC“金币矿工”刷新点004	1	8	0	100002	-23.02	-27.93	0	-1	-1	0	-1
103005	新手战场（空中花园_抢金币）_普通NPC“金币矿工”刷新点005	1	7	0	100001	-12.89	-45.76	0	-1	-1	0	-1
103006	新手战场（空中花园_抢金币）_普通NPC“金币矿工”刷新点006	1	7	0	100001	-8.76	-50.78	0	-1	-1	0	-1
103007	新手战场（空中花园_抢金币）_普通NPC“金币矿工”刷新点007	1	7	0	100001	-23.4	-36	0	-1	-1	0	-1
103008	新手战场（空中花园_抢金币）_普通NPC“金币矿工”刷新点008	1	8	0	100002	-50.5	-5.5	0	-1	-1	0	-1
103009	新手战场（空中花园_抢金币）_普通NPC“金币矿工”刷新点009	1	7	0	100001	9.57	-49.31	0	-1	-1	0	-1
103010	新手战场（空中花园_抢金币）_普通NPC“金币矿工”刷新点010	1	7	0	100001	41.9	-17.58	0	-1	-1	0	-1
103011	新手战场（空中花园_抢金币）_普通NPC“金币矿工”刷新点011	1	7	0	100001	45.58	-8.47	0	-1	-1	0	-1
103012	新手战场（空中花园_抢金币）_普通NPC“金币矿工”刷新点012	1	7	0	100001	14.3	47.6	0	-1	-1	0	-1
103013	新手战场（空中花园_抢金币）_普通NPC“金币矿工”刷新点013	1	7	0	100001	-41	-15.8	0	-1	-1	0	-1
103014	新手战场（空中花园_抢金币）_普通NPC“金币矿工”刷新点014	1	7	0	100001	24.3	-33	0	-1	-1	0	-1
103015	新手战场（空中花园_抢金币）_普通NPC“金币矿工”刷新点015	1	7	0	100001	-19.3	20.6	0	-1	-1	0	-1
103016	新手战场（空中花园_抢金币）_普通NPC“金币矿工”刷新点016	1	8	0	100002	18	-18	0	-1	-1	0	-1
103017	新手战场（空中花园_抢金币）_普通NPC“金币矿工”刷新点017	1	7	0	100001	-37.02	-23.51	0	-1	-1	0	-1
103018	新手战场（空中花园_抢金币）_普通NPC“金币矿工”刷新点018	1	7	0	100001	25.8	-26.6	0	-1	-1	0	-1
103019	新手战场（空中花园_抢金币）_普通NPC“金币矿工”刷新点019	1	8	0	100002	-41	17.5	0	-1	-1	0	-1
103020	新手战场（空中花园_抢金币）_普通NPC“金币矿工”刷新点020	1	7	0	100001	40.23	-1	0	-1	-1	0	-1
103021	新手战场（空中花园_抢金币）_普通NPC“金币矿工”刷新点021	1	8	0	100002	-31.57	-28.9	0	-1	-1	0	-1
103022	新手战场（空中花园_抢金币）_普通NPC“金币矿工”刷新点022	1	7	0	100001	-12.8	48.3	0	-1	-1	0	-1
103023	新手战场（空中花园_抢金币）_普通NPC“金币矿工”刷新点023	1	7	0	100001	43.15	7.27	0	-1	-1	0	-1
103024	新手战场（空中花园_抢金币）_普通NPC“金币矿工”刷新点024	1	7	0	100001	40.32	13.31	0	-1	-1	0	-1
103025	新手战场（空中花园_抢金币）_普通NPC“金币矿工”刷新点025	1	8	0	100002	-43.2	7.9	0	-1	-1	0	-1
103026	新手战场（空中花园_抢金币）_普通NPC“金币矿工”刷新点026	1	7	0	100001	33.7	26.33	0	-1	-1	0	-1
103027	新手战场（空中花园_抢金币）_普通NPC“金币矿工”刷新点027	1	9	0	100003	-24.5	-1.6	0	-1	-1	0	-1
103028	新手战场（空中花园_抢金币）_普通NPC“金币矿工”刷新点028	1	7	0	100001	-34.9	1.9	0	-1	-1	0	-1
103029	新手战场（空中花园_抢金币）_普通NPC“金币矿工”刷新点029	1	7	0	100001	21.45	28.06	0	-1	-1	0	-1
103030	新手战场（空中花园_抢金币）_普通NPC“金币矿工”刷新点030	1	7	0	100001	18.07	18.43	0	-1	-1	0	-1
103031	新手战场（空中花园_抢金币）_普通NPC“金币矿工”刷新点031	1	7	0	100001	-17.5	-16.6	0	-1	-1	0	-1
103032	新手战场（空中花园_抢金币）_普通NPC“金币矿工”刷新点032	1	7	0	100001	21.85	3.97	0	-1	-1	0	-1
103033	新手战场（空中花园_抢金币）_普通NPC“金币矿工”刷新点033	1	7	0	100001	21.85	-4.26	0	-1	-1	0	-1
103034	新手战场（空中花园_抢金币）_普通NPC“金币矿工”刷新点034	1	7	0	100001	-24.9	27.9	0	-1	-1	0	-1
103035	新手战场（空中花园_抢金币）_普通NPC“金币矿工”刷新点035	1	7	0	100001	-40.7	-5.6	0	-1	-1	0	-1
103036	新手战场（空中花园_抢金币）_普通NPC“金币矿工”刷新点036	1	9	0	100003	0.41	3.32	0	-1	-1	0	-1
#103037	新手战场（空中花园_抢金币）_普通NPC“金币矿工”刷新点037	1	7	0	100001	0.41	12.71	0	-1	-1	0	-1
#103038	新手战场（空中花园_抢金币）_普通NPC“金币矿工”刷新点038	1	7	0	100001	3.89	21.06	0	-1	-1	0	-1
#103039	新手战场（空中花园_抢金币）_普通NPC“金币矿工”刷新点039	1	7	0	100001	-4.32	21.45	0	-1	-1	0	-1
#103040	新手战场（空中花园_抢金币）_普通NPC“金币矿工”刷新点040	1	7	0	100001	-0.74	27.36	0	-1	-1	0	-1
#103041	新手战场（空中花园_抢金币）_普通NPC“金币矿工”刷新点041	1	7	0	100001	-7.47	7.97	0	-1	-1	0	-1
#103042	新手战场（空中花园_抢金币）_普通NPC“金币矿工”刷新点042	1	7	0	100001	-7.47	-1.79	0	-1	-1	0	-1
#103043	新手战场（空中花园_抢金币）_普通NPC“金币矿工”刷新点043	1	7	0	100001	0.1	-6.2	0	-1	-1	0	-1
#103044	新手战场（空中花园_抢金币）_普通NPC“金币矿工”刷新点044	1	7	0	100001	7	-9.4	0	-1	-1	0	-1
#103045	新手战场（空中花园_抢金币）_普通NPC“金币矿工”刷新点045	1	7	0	100001	8.4	-23.04	0	-1	-1	0	-1
#103046	新手战场（空中花园_抢金币）_普通NPC“金币矿工”刷新点046	1	7	0	100001	2.47	-28.56	0	-1	-1	0	-1
#103047	新手战场（空中花园_抢金币）_普通NPC“金币矿工”刷新点047	1	7	0	100001	-2.66	-28.74	0	-1	-1	0	-1
#103048	新手战场（空中花园_抢金币）_普通NPC“金币矿工”刷新点048	1	7	0	100001	-0.13	-19.92	0	-1	-1	0	-1
#103049	新手战场（空中花园_抢金币）_普通NPC“金币矿工”刷新点049	1	7	0	100001	1.87	-15.28	0	-1	-1	0	-1
#103050	新手战场（空中花园_抢金币）_普通NPC“金币矿工”刷新点050	1	7	0	100001	-5.82	-10.16	0	-1	-1	0	-1
#103051	新手战场（空中花园_抢金币）_普通NPC“金币矿工”刷新点051	1	7	0	100001	-11.99	1.12	0	-1	-1	0	-1
#103052	新手战场（空中花园_抢金币）_普通NPC“金币矿工”刷新点052	1	7	0	100001	-22.63	4.57	0	-1	-1	0	-1
#103053	新手战场（空中花园_抢金币）_普通NPC“金币矿工”刷新点053	1	7	0	100001	-22.63	-4.89	0	-1	-1	0	-1
#103054	新手战场（空中花园_抢金币）_普通NPC“金币矿工”刷新点054	1	7	0	100001	-29.25	-0.26	0	-1	-1	0	-1
#103055	新手战场（空中花园_抢金币）_普通NPC“金币矿工”刷新点055	1	7	0	100001	-12.21	21.92	0	-1	-1	0	-1
#103056	新手战场（空中花园_抢金币）_普通NPC“金币矿工”刷新点056	1	7	0	100001	-17.88	18.75	0	-1	-1	0	-1
#103057	新手战场（空中花园_抢金币）_普通NPC“金币矿工”刷新点057	1	7	0	100001	-20.97	26.32	0	-1	-1	0	-1
#103058	新手战场（空中花园_抢金币）_普通NPC“金币矿工”刷新点058	1	7	0	100001	-14.48	36.72	0	-1	-1	0	-1
#103059	新手战场（空中花园_抢金币）_普通NPC“金币矿工”刷新点059	1	7	0	100001	-22.5	33.52	0	-1	-1	0	-1
#103060	新手战场（空中花园_抢金币）_普通NPC“金币矿工”刷新点060	1	7	0	100001	-13.01	45.73	0	-1	-1	0	-1
#103061	新手战场（空中花园_抢金币）_普通NPC“金币矿工”刷新点061	1	7	0	100001	-3.49	49.64	0	-1	-1	0	-1
#103062	新手战场（空中花园_抢金币）_普通NPC“金币矿工”刷新点062	1	7	0	100001	5.32	49.64	0	-1	-1	0	-1
#103063	新手战场（空中花园_抢金币）_普通NPC“金币矿工”刷新点063	1	7	0	100001	8.89	50.84	0	-1	-1	0	-1
#103064	新手战场（空中花园_抢金币）_普通NPC“金币矿工”刷新点064	1	7	0	100001	12.74	44.31	0	-1	-1	0	-1
#103065	新手战场（空中花园_抢金币）_普通NPC“金币矿工”刷新点065	1	7	0	100001	15.45	38.08	0	-1	-1	0	-1
#103066	新手战场（空中花园_抢金币）_普通NPC“金币矿工”刷新点066	1	7	0	100001	-9.04	51.19	0	-1	-1	0	-1
#103067	新手战场（空中花园_抢金币）_普通NPC“金币矿工”刷新点067	1	7	0	100001	-30.2	26.98	0	-1	-1	0	-1
#103068	新手战场（空中花园_抢金币）_普通NPC“金币矿工”刷新点068	1	7	0	100001	-35.97	19.88	0	-1	-1	0	-1
#103069	新手战场（空中花园_抢金币）_普通NPC“金币矿工”刷新点069	1	7	0	100001	-41.95	17.57	0	-1	-1	0	-1
#103070	新手战场（空中花园_抢金币）_普通NPC“金币矿工”刷新点070	1	7	0	100001	-39.86	10.41	0	-1	-1	0	-1
#103071	新手战场（空中花园_抢金币）_普通NPC“金币矿工”刷新点071	1	7	0	100001	-36.55	5.58	0	-1	-1	0	-1
#103072	新手战场（空中花园_抢金币）_普通NPC“金币矿工”刷新点072	1	7	0	100001	-48.32	7.03	0	-1	-1	0	-1
#103073	新手战场（空中花园_抢金币）_普通NPC“金币矿工”刷新点073	1	7	0	100001	-44	0.96	0	-1	-1	0	-1
#103074	新手战场（空中花园_抢金币）_普通NPC“金币矿工”刷新点074	1	7	0	100001	-37.98	-3.26	0	-1	-1	0	-1
#103075	新手战场（空中花园_抢金币）_普通NPC“金币矿工”刷新点075	1	7	0	100001	-37.73	-18.7	0	-1	-1	0	-1
#103076	新手战场（空中花园_抢金币）_普通NPC“金币矿工”刷新点076	1	7	0	100001	-39.8	-11.85	0	-1	-1	0	-1
#103077	新手战场（空中花园_抢金币）_普通NPC“金币矿工”刷新点077	1	7	0	100001	-44.72	-8.33	0	-1	-1	0	-1
#103078	新手战场（空中花园_抢金币）_普通NPC“金币矿工”刷新点078	1	7	0	100001	-16.54	-20.17	0	-1	-1	0	-1
104001	新手战场（空中花园_抢金币）_战场金币生成的区域中心点001	1	2	0	10001	34.87	-27.93	0	-1	-1	0	-1
104002	新手战场（空中花园_抢金币）_战场金币生成的区域中心点002	1	2	0	10002	33	29.2	0	-1	-1	0	-1
104003	新手战场（空中花园_抢金币）_战场金币生成的区域中心点003	1	2	0	10003	-34	29.4	0	-1	-1	0	-1
104004	新手战场（空中花园_抢金币）_战场金币生成的区域中心点004	1	2	0	10004	-32.9	-28.1	0	-1	-1	0	-1
#105001	新手战场（空中花园_抢金币）_普通NPC“血包矿工（隐藏）”刷新点001	1	6	0	100007	-16.9	-0.6	0	-1	-1	0	-1
#105002	新手战场（空中花园_抢金币）_普通NPC“血包矿工（隐藏）”刷新点002	1	6	0	100007	17.5	-0.6	0	-1	-1	0	-1
#105003	新手战场（空中花园_抢金币）_普通NPC“血包矿工（隐藏）”刷新点003	1	6	0	100007	24.2	25.8	0	-1	-1	0	-1
#105004	新手战场（空中花园_抢金币）_普通NPC“血包矿工（隐藏）”刷新点004	1	6	0	100007	22.5	-25.5	0	-1	-1	0	-1
#105005	新手战场（空中花园_抢金币）_普通NPC“血包矿工（隐藏）”刷新点005	1	6	0	100007	-28.9	-24.28	0	-1	-1	0	-1
#105006	新手战场（空中花园_抢金币）_普通NPC“血包矿工（隐藏）”刷新点006	1	6	0	100007	-28.9	27	0	-1	-1	0	-1
#105007	新手战场（空中花园_抢金币）_普通NPC“血包矿工（隐藏）”刷新点007	1	6	0	100007	49.6	-0.32	0	-1	-1	0	-1
#105008	新手战场（空中花园_抢金币）_普通NPC“血包矿工（隐藏）”刷新点008	1	6	0	100007	-49.6	-0.32	0	-1	-1	0	-1
#105009	新手战场（空中花园_抢金币）_普通NPC“血包矿工（隐藏）”刷新点009	1	6	0	100007	-38.6	-21.8	0	-1	-1	0	-1
#105010	新手战场（空中花园_抢金币）_普通NPC“血包矿工（隐藏）”刷新点010	1	6	0	100007	-24.5	-36.2	0	-1	-1	0	-1
#105011	新手战场（空中花园_抢金币）_普通NPC“血包矿工（隐藏）”刷新点011	1	6	0	100007	-10.8	-51.4	0	-1	-1	0	-1
#105012	新手战场（空中花园_抢金币）_普通NPC“血包矿工（隐藏）”刷新点012	1	6	0	100007	41.4	16.5	0	-1	-1	0	-1
#105013	新手战场（空中花园_抢金币）_普通NPC“血包矿工（隐藏）”刷新点013	1	6	0	100007	27.7	31.7	0	-1	-1	0	-1
#105014	新手战场（空中花园_抢金币）_普通NPC“血包矿工（隐藏）”刷新点014	1	6	0	100007	13.6	46.1	0	-1	-1	0	-1
#106001	新手战场（空中花园_抢金币）_场景buff（回复）刷新点001	1	3	0	10001	12.28	-32.7	0	-1	-1	0	-1
#106002	新手战场（空中花园_抢金币）_场景buff（加速）刷新点002	1	3	0	10002	-11.92	-32.77	0	-1	-1	0	-1
#106003	新手战场（空中花园_抢金币）_场景buff（加速）刷新点003	1	3	0	10002	12.2	32.5	0	-1	-1	0	-1
#106004	新手战场（空中花园_抢金币）_场景buff（磁铁）刷新点004	1	3	0	10003	-12.37	32.96	0	-1	-1	0	-1
#106005	新手战场（空中花园_抢金币）_场景buff（骷髅）刷新点005	1	3	0	10004	-48.76	0	90	-1	-1	0	-1
#106006	新手战场（空中花园_抢金币）_场景buff（防御）刷新点006	1	3	0	10005	49.3	0	90	-1	-1	0	-1
#106007	新手战场（空中花园_抢金币）_普通道具“小车”刷新点007	1	3	0	10001	-24.4	36.9	0	-1	-1	0	-1
#106008	新手战场（空中花园_抢金币）_普通道具“小车”刷新点008	1	3	0	10001	-43.9	18.9	0	-1	-1	0	-1
#106009	新手战场（空中花园_抢金币）_普通道具“石柱”刷新点001	1	3	0	10002	0	0	0	-1	-1	0	-1
#106010	新手战场（空中花园_抢金币）_普通道具“石块”刷新点001	1	3	0	10003	-12.77	-32.73	0	-1	-1	0	-1
#106011	新手战场（空中花园_抢金币）_普通道具“石块”刷新点002	1	3	0	10003	12.45	33.9	0	-1	-1	0	-1
#106012	新手战场（空中花园_抢金币）_普通道具“飞机”刷新点002	1	3	0	10003	-12.8	33.57	0	-1	-1	0	-1
#106013	新手战场（空中花园_抢金币）_普通道具“飞机”刷新点002	1	3	0	10003	12.21	-32.33	0	-1	-1	0	-1
#201001	娱乐战场（火烈岛_抢金币）_持续补血区域	5	0	0	10001	-1.4	-2.44	0	-1	-1	0	-1
#107001	新手战场（空中花园_抢金币）_场景buff（回复）_小_刷新点001	1	3	0	10001	-17	-49	0	-1	-1	0	-1
#107002	新手战场（空中花园_抢金币）_场景buff（防御）_小_刷新点001	1	3	0	10001	-27	-38	0	-1	-1	0	-1
#107003	新手战场（空中花园_抢金币）_场景buff（防御）_小_刷新点001	1	3	0	10001	-37	-30	0	-1	-1	0	-1
#107004	新手战场（空中花园_抢金币）_场景buff（防御）_小_刷新点001	1	3	0	10001	-46	-21	0	-1	-1	0	-1
#107005	新手战场（空中花园_抢金币）_场景buff（防御）_小_刷新点002	1	3	0	10001	-46	21	0	-1	-1	0	-1
#107006	新手战场（空中花园_抢金币）_场景buff（防御）_小_刷新点002	1	3	0	10001	-37	30	0	-1	-1	0	-1
#107007	新手战场（空中花园_抢金币）_场景buff（防御）_小_刷新点002	1	3	0	10002	-27	38	0	-1	-1	0	-1
#107008	新手战场（空中花园_抢金币）_场景buff（防御）_小_刷新点002	1	3	0	10002	-17	49	0	-1	-1	0	-1
#107009	新手战场（空中花园_抢金币）_场景buff（回复）_小_刷新点003	1	3	0	10002	17	49	0	-1	-1	0	-1
#107010	新手战场（空中花园_抢金币）_场景buff（防御）_小_刷新点003	1	3	0	10002	27	38	0	-1	-1	0	-1
#107011	新手战场（空中花园_抢金币）_场景buff（防御）_小_刷新点003	1	3	0	10002	37	30	0	-1	-1	0	-1
#107012	新手战场（空中花园_抢金币）_场景buff（防御）_小_刷新点003	1	3	0	10003	46	21	0	-1	-1	0	-1
#107013	新手战场（空中花园_抢金币）_场景buff（回复）_小_刷新点004	1	3	0	10003	17	-49	0	-1	-1	0	-1
#107014	新手战场（空中花园_抢金币）_场景buff（防御）_小_刷新点004	1	3	0	10003	27	-38	0	-1	-1	0	-1
#107015	新手战场（空中花园_抢金币）_场景buff（防御）_小_刷新点004	1	3	0	10003	37	-30	0	-1	-1	0	-1
#107016	新手战场（空中花园_抢金币）_场景buff（防御）_小_刷新点004	1	3	0	10003	46	-21	0	-1	-1	0	-1
#107101	新手战场（空中花园_抢金币）_场景buff（加速）_中_刷新点001	1	3	0	10007	12	32	0	-1	-1	0	-1
#107102	新手战场（空中花园_抢金币）_场景buff（加速）_中_刷新点001	1	3	0	10007	12	-32	0	-1	-1	0	-1
#107103	新手战场（空中花园_抢金币）_场景buff（加速）_中_刷新点001	1	3	0	10007	-12	32	0	-1	-1	0	-1
#107104	新手战场（空中花园_抢金币）_场景buff（加速）_中_刷新点001	1	3	0	10007	-12	-32	0	-1	-1	0	-1
#107201	新手战场（空中花园_抢金币）_场景buff（回复）_大_刷新点001	1	3	0	10011	50	0	0	-1	-1	0	-1
#107202	新手战场（空中花园_抢金币）_场景buff（回复）_大_刷新点001	1	3	0	10011	-50	0	0	-1	-1	0	-1
#107203	新手战场（空中花园_抢金币）_场景buff（回复）_大_刷新点001	1	3	0	10011	0	65	0	-1	-1	0	-1
#107204	新手战场（空中花园_抢金币）_场景buff（回复）_大_刷新点001	1	3	0	10011	0	-56	0	-1	-1	0	-1
#107301	新手战场（空中花园_抢金币）_场景buff（磁铁）_超大_刷新点001	1	3	0	10018	0	0	0	-1	-1	0	-1
#108001	新手战场（空中花园_抢金币）_野怪NPC_木桩_刷新点001	1	6	5	100008	0	0	0	-1	-1	0	0
#108002	新手战场（空中花园_抢金币）_野怪NPC_木桩_刷新点002	1	6	5	100012	-10	0	0	-1	-1	0	0
#108003	新手战场（空中花园_抢金币）_野怪NPC_木桩_刷新点003	1	6	5	100013	10	0	0	-1	-1	0	0
#108004	新手战场（空中花园_抢金币）_野怪NPC_木桩_刷新点004	1	6	5	100014	0	-10	0	-1	-1	0	0
#108005	新手战场（空中花园_抢金币）_野怪NPC_小红人_刷新点001	1	6	5	100009	49	14	0	-1	-1	0	-1
#108006	新手战场（空中花园_抢金币）_野怪NPC_小红人_刷新点002	1	6	5	100010	0	-50	0	-1	-1	0	-1
#108007	新手战场（空中花园_抢金币）_野怪NPC_小红人_刷新点003	1	6	5	100011	-50	10	0	-1	-1	0	-1
#108008	新手战场（空中花园_抢金币）_野怪NPC_小红人_下棋刷新点001	1	6	7	100015	52.41	0.07	0	-1	-1	0	1
#108009	新手战场（空中花园_抢金币）_野怪NPC_小红人_下棋刷新点002	1	6	7	100016	48.71	-2.49	0	-1	-1	0	1
#108010	新手战场（空中花园_抢金币）_野怪NPC_小红人_下棋刷新点003	1	6	7	100017	47.3	0.07	0	-1	-1	0	1
#108011	新手战场（空中花园_抢金币）_野怪NPC_守卫_刷新点001	1	6	5	100018	-1	-1	180	-1	-1	0	-1
108012	新手战场（空中花园_抢金币）_野怪NPC_小红人_下棋刷新点004	1	6	7	100015	-43.99	-11.56	120	-1	-1	0	2
108013	新手战场（空中花园_抢金币）_野怪NPC_小红人_下棋刷新点005	1	6	7	100029	-43.94	-7.29	120	-1	-1	0	2
108014	新手战场（空中花园_抢金币）_野怪NPC_小红人_下棋刷新点006	1	6	7	100017	-41.19	-7.26	120	-1	-1	0	2
108015	新手战场（空中花园_抢金币）_野怪NPC_小红人_打牌刷新点001	1	6	7	100025	2.45	66.7	0	-1	-1	0	3
108016	新手战场（空中花园_抢金币）_野怪NPC_小红人_打牌刷新点002	1	6	7	100026	-0.14	63.57	0	-1	-1	0	3
108017	新手战场（空中花园_抢金币）_野怪NPC_小红人_打牌刷新点003	1	6	7	100027	-1.88	66.43	0	-1	-1	0	3
108018	新手战场（空中花园_抢金币）_野怪NPC_小红人_2人组手机1	1	6	6	100030	4.01	-15.84	158	-1	-1	0	4
108019	新手战场（空中花园_抢金币）_野怪NPC_小红人_2人组手机2	1	6	6	100021	-1.05	-18.71	76	-1	-1	0	4
108020	新手战场（空中花园_抢金币）_野怪NPC_小红人_2人组吃饭-鸡腿	1	6	6	100031	-2.99	18.9	-174.8	-1	-1	0	5
108021	新手战场（空中花园_抢金币）_野怪NPC_小红人_2人组吃饭-肉	1	6	6	100028	2.3	18.34	131.9	-1	-1	0	5
108022	新手战场（空中花园_抢金币）_野怪NPC_小红人_画画1	1	6	5	100019	-19.52	0.32	82.6	-1	-1	0	-1
108023	新手战场（空中花园_抢金币）_野怪NPC_小红人_画画2	1	6	5	100019	18.65	0	-69.1	-1	-1	0	-1
108024	新手战场（空中花园_抢金币）_野怪NPC_小红人_思考1	1	6	5	100010	-21.83	-33	-92.57	-1	-1	0	-1
108025	新手战场（空中花园_抢金币）_野怪NPC_小红人_思考2	1	6	5	100010	21.9	-33	56.6	-1	-1	0	-1
108026	新手战场（空中花园_抢金币）_野怪NPC_小红人_打牌刷新点B1	1	6	7	100025	-9.96	51.73	-31.22	-1	-1	0	6
108027	新手战场（空中花园_抢金币）_野怪NPC_小红人_打牌刷新点B2	1	6	7	100027	-13.91	46.58	-95.54	-1	-1	0	6
108028	新手战场（空中花园_抢金币）_野怪NPC_小红人_打牌刷新点C1	1	6	7	100025	11.65	50.1	-93	-1	-1	0	7
108029	新手战场（空中花园_抢金币）_野怪NPC_小红人_打牌刷新点C2	1	6	7	100027	14.5	45.89	-159.96	-1	-1	0	7
108030	新手战场（空中花园_抢金币）_野怪NPC_小红人_下棋刷新点B1	1	6	7	100015	43.85	-9.73	0	-1	-1	0	8
108031	新手战场（空中花园_抢金币）_野怪NPC_小红人_下棋刷新点B2	1	6	7	100017	38.74	-9.39	0	-1	-1	0	8
108032	新手战场（空中花园_抢金币）_野怪NPC_小红人_下棋刷新点C1	1	6	7	100015	42.88	7.84	120	-1	-1	0	9
108033	新手战场（空中花园_抢金币）_野怪NPC_小红人_下棋刷新点C2	1	6	7	100017	45.69	12.11	120	-1	-1	0	9
108034	新手战场（空中花园_抢金币）_野怪NPC_小红人_下棋刷新点D1	1	6	7	100015	-44.37	11.8	180	-1	-1	0	10
108035	新手战场（空中花园_抢金币）_野怪NPC_小红人_下棋刷新点D2	1	6	7	100017	-39.25	11.55	180	-1	-1	0	10
108036	新手战场（空中花园_抢金币）_野怪NPC_小红人_画画3	1	6	5	100019	18.33	19.3	50.6	-1	-1	0	-1
108037	新手战场（空中花园_抢金币）_野怪NPC_小红人_画画4	1	6	5	100019	-19.4	21.4	-25.5	-1	-1	0	-1
#109001	新手战场（空中花园_抢金币）_召唤物底座刷新点001	1	12	0	1	0	-23	-90	-1	-1	0	-1
#109002	新手战场（空中花园_抢金币）_召唤物底座刷新点002	1	12	0	2	0	15.5	0	-1	-1	0	-1
109003	新手战场（空中花园_抢金币）_召唤物底座刷新点003大	1	12	0	3	0	0	0	-1	-1	0	-1
109004	新手战场（空中花园_抢金币）_召唤物底座刷新点003小	1	12	0	2	0	-65	0	-1	-1	0	-1
202001	娱乐战场（火烈岛_抢金币）_玩家小队出生点001	5	1	0	20001	78.3	-53.52	0	-1	-1	0	-1
202002	娱乐战场（火烈岛_抢金币）_玩家小队出生点002	5	1	0	20001	-98.4	26.8	0	-1	-1	0	-1
202003	娱乐战场（火烈岛_抢金币）_玩家小队出生点003	5	1	0	20001	-81.5	-40.6	0	-1	-1	0	-1
202004	娱乐战场（火烈岛_抢金币）_玩家小队出生点004	5	1	0	20001	-91.6	-0.7	0	-1	-1	0	-1
202005	娱乐战场（火烈岛_抢金币）_玩家小队出生点005	5	1	0	20001	121.75	-16.4	0	-1	-1	0	-1
202006	娱乐战场（火烈岛_抢金币）_玩家小队出生点006	5	1	0	20001	3.2	-65.2	0	-1	-1	0	-1
202007	娱乐战场（火烈岛_抢金币）_玩家小队出生点007	5	1	0	20001	-58.7	80.4	0	-1	-1	0	-1
202008	娱乐战场（火烈岛_抢金币）_玩家小队出生点008	5	1	0	20001	1.8	110.5	0	-1	-1	0	-1
202009	娱乐战场（火烈岛_抢金币）_玩家小队出生点009	5	1	0	20001	53.5	-18	0	-1	-1	0	-1
202010	娱乐战场（火烈岛_抢金币）_玩家小队出生点010	5	1	0	20001	-52.6	-18.8	0	-1	-1	0	-1
202011	娱乐战场（火烈岛_抢金币）_玩家小队出生点011	5	1	0	20001	68.2	66.9	0	-1	-1	0	-1
202012	娱乐战场（火烈岛_抢金币）_玩家小队出生点012	5	1	0	20001	64.12	13.16	0	-1	-1	0	-1
202101	娱乐战场（火烈岛_抢金币）_六方_玩家小队出生点001	5	1	0	20001	114.21	9.81	140.5398	0	-1	6	-1
202102	娱乐战场（火烈岛_抢金币）_六方_玩家小队出生点002	5	1	0	20001	113.47	11.63	355.7159	0	-1	6	-1
202103	娱乐战场（火烈岛_抢金币）_六方_玩家小队出生点003	5	1	0	20001	10.7	-71.29	204.7665	1	-1	6	-1
202104	娱乐战场（火烈岛_抢金币）_六方_玩家小队出生点004	5	1	0	20001	10.47	-68.91	0	1	-1	6	-1
202105	娱乐战场（火烈岛_抢金币）_六方_玩家小队出生点005	5	1	0	20001	55.06	20.3	204.7665	2	-1	6	-1
202106	娱乐战场（火烈岛_抢金币）_六方_玩家小队出生点006	5	1	0	20001	55.8	23.1	44.25505	2	-1	6	-1
202107	娱乐战场（火烈岛_抢金币）_六方_玩家小队出生点007	5	1	0	20001	-57.96	72.69	294.598	3	-1	6	-1
202108	娱乐战场（火烈岛_抢金币）_六方_玩家小队出生点008	5	1	0	20001	-56.44	73.83	41.4966	3	-1	6	-1
202109	娱乐战场（火烈岛_抢金币）_六方_玩家小队出生点009	5	1	0	20001	-106.33	-10.63	41.4966	4	-1	6	-1
202110	娱乐战场（火烈岛_抢金币）_六方_玩家小队出生点010	5	1	0	20001	-107.41	-11.95	212.9191	4	-1	6	-1
202111	娱乐战场（火烈岛_抢金币）_六方_玩家小队出生点011	5	1	0	20001	42.97	76.07	140.5398	5	-1	6	-1
202112	娱乐战场（火烈岛_抢金币）_六方_玩家小队出生点012	5	1	0	20001	41.46	76.77	294.598	5	-1	6	-1
203001	娱乐战场（火烈岛_抢金币）_普通NPC“金币矿工（隐藏）”刷新点001	5	7	0	200001	114.9	8.1	0	-1	-1	0	-1
203002	娱乐战场（火烈岛_抢金币）_普通NPC“金币矿工（隐藏）”刷新点002	5	7	0	200001	106.13	3.82	0	-1	-1	0	-1
203003	娱乐战场（火烈岛_抢金币）_普通NPC“金币矿工（隐藏）”刷新点003	5	7	0	200001	-71.9	29.5	0	-1	-1	0	-1
203004	娱乐战场（火烈岛_抢金币）_普通NPC“金币矿工（隐藏）”刷新点004	5	7	0	200001	-105.7	32.3	0	-1	-1	0	-1
203005	娱乐战场（火烈岛_抢金币）_普通NPC“金币矿工（隐藏）”刷新点005	5	7	0	200001	-87.46	23.95	0	-1	-1	0	-1
203006	娱乐战场（火烈岛_抢金币）_普通NPC“金币矿工（隐藏）”刷新点006	5	7	0	200001	-89.9	52.1	0	-1	-1	0	-1
203007	娱乐战场（火烈岛_抢金币）_普通NPC“金币矿工（隐藏）”刷新点007	5	7	0	200001	-59.2	43.8	0	-1	-1	0	-1
203008	娱乐战场（火烈岛_抢金币）_普通NPC“金币矿工（隐藏）”刷新点008	5	7	0	200001	-77.7	62.8	0	-1	-1	0	-1
203009	娱乐战场（火烈岛_抢金币）_普通NPC“金币矿工（隐藏）”刷新点009	5	7	0	200001	-46.3	14.9	0	-1	-1	0	-1
203010	娱乐战场（火烈岛_抢金币）_普通NPC“金币矿工（隐藏）”刷新点010	5	7	0	200001	-54.6	24.7	0	-1	-1	0	-1
203011	娱乐战场（火烈岛_抢金币）_普通NPC“金币矿工（隐藏）”刷新点011	5	7	0	200001	-53.4	-6.7	0	-1	-1	0	-1
203012	娱乐战场（火烈岛_抢金币）_普通NPC“金币矿工（隐藏）”刷新点012	5	7	0	200001	-46.5	-17.6	0	-1	-1	0	-1
203013	娱乐战场（火烈岛_抢金币）_普通NPC“金币矿工（隐藏）”刷新点013	5	7	0	200001	-88.64	1.31	0	-1	-1	0	-1
203014	娱乐战场（火烈岛_抢金币）_普通NPC“金币矿工（隐藏）”刷新点014	5	7	0	200001	-102.4	0.4	0	-1	-1	0	-1
203015	娱乐战场（火烈岛_抢金币）_普通NPC“金币矿工（隐藏）”刷新点015	5	7	0	200001	-56.86	78.83	0	-1	-1	0	-1
203016	娱乐战场（火烈岛_抢金币）_普通NPC“金币矿工（隐藏）”刷新点016	5	7	0	200001	-98.3	-33.5	0	-1	-1	0	-1
203017	娱乐战场（火烈岛_抢金币）_普通NPC“金币矿工（隐藏）”刷新点017	5	7	0	200001	-49.9	73.7	0	-1	-1	0	-1
203018	娱乐战场（火烈岛_抢金币）_普通NPC“金币矿工（隐藏）”刷新点018	5	7	0	200001	-102.5	17.6	0	-1	-1	0	-1
203019	娱乐战场（火烈岛_抢金币）_普通NPC“金币矿工（隐藏）”刷新点019	5	7	0	200001	-104	-13.1	0	-1	-1	0	-1
203020	娱乐战场（火烈岛_抢金币）_普通NPC“金币矿工（隐藏）”刷新点020	5	7	0	200001	-67.8	5.9	0	-1	-1	0	-1
203021	娱乐战场（火烈岛_抢金币）_普通NPC“金币矿工（隐藏）”刷新点021	5	7	0	200001	-76.7	-33.05	0	-1	-1	0	-1
203022	娱乐战场（火烈岛_抢金币）_普通NPC“金币矿工（隐藏）”刷新点022	5	7	0	200001	-61.8	-20.4	0	-1	-1	0	-1
203023	娱乐战场（火烈岛_抢金币）_普通NPC“金币矿工（隐藏）”刷新点023	5	7	0	200001	-80.6	-47.1	0	-1	-1	0	-1
203024	娱乐战场（火烈岛_抢金币）_普通NPC“金币矿工（隐藏）”刷新点024	5	8	0	100002	-78.1	-13	0	-1	-1	0	-1
203025	娱乐战场（火烈岛_抢金币）_普通NPC“金币矿工（隐藏）”刷新点025	5	7	0	200001	54.9	67.1	0	-1	-1	0	-1
203026	娱乐战场（火烈岛_抢金币）_普通NPC“金币矿工（隐藏）”刷新点026	5	7	0	200001	70.41	-1.53	0	-1	-1	0	-1
203027	娱乐战场（火烈岛_抢金币）_普通NPC“金币矿工（隐藏）”刷新点027	5	7	0	200001	-0.1	111.4	0	-1	-1	0	-1
203028	娱乐战场（火烈岛_抢金币）_普通NPC“金币矿工（隐藏）”刷新点028	5	7	0	200001	55.86	18.49	0	-1	-1	0	-1
203029	娱乐战场（火烈岛_抢金币）_普通NPC“金币矿工（隐藏）”刷新点029	5	7	0	200001	16.4	3.7	0	-1	-1	0	-1
203030	娱乐战场（火烈岛_抢金币）_普通NPC“金币矿工（隐藏）”刷新点030	5	7	0	200001	38.28	-71.34	0	-1	-1	0	-1
203031	娱乐战场（火烈岛_抢金币）_普通NPC“金币矿工（隐藏）”刷新点031	5	7	0	200001	38.2	-81.9	0	-1	-1	0	-1
203032	娱乐战场（火烈岛_抢金币）_普通NPC“金币矿工（隐藏）”刷新点032	5	7	0	200001	77.7	-46.31	0	-1	-1	0	-1
203033	娱乐战场（火烈岛_抢金币）_普通NPC“金币矿工（隐藏）”刷新点033	5	9	0	100003	45.2	74.4	0	-1	-1	0	-1
203034	娱乐战场（火烈岛_抢金币）_普通NPC“金币矿工（隐藏）”刷新点034	5	7	0	200001	45.5	61.7	0	-1	-1	0	-1
203035	娱乐战场（火烈岛_抢金币）_普通NPC“金币矿工（隐藏）”刷新点035	5	7	0	200001	23.3	-85.8	0	-1	-1	0	-1
203036	娱乐战场（火烈岛_抢金币）_普通NPC“金币矿工（隐藏）”刷新点036	5	7	0	200001	26.61	-5.76	0	-1	-1	0	-1
203037	娱乐战场（火烈岛_抢金币）_普通NPC“金币矿工（隐藏）”刷新点037	5	7	0	200001	31.8	82.6	0	-1	-1	0	-1
203038	娱乐战场（火烈岛_抢金币）_普通NPC“金币矿工（隐藏）”刷新点038	5	7	0	200001	-44.2	45.3	0	-1	-1	0	-1
203039	娱乐战场（火烈岛_抢金币）_普通NPC“金币矿工（隐藏）”刷新点039	5	7	0	200001	122.11	-20.67	0	-1	-1	0	-1
203040	娱乐战场（火烈岛_抢金币）_普通NPC“金币矿工（隐藏）”刷新点040	5	7	0	200001	7.7	-71.9	0	-1	-1	0	-1
203041	娱乐战场（火烈岛_抢金币）_普通NPC“金币矿工（隐藏）”刷新点041	5	7	0	200001	11	19.2	0	-1	-1	0	-1
203042	娱乐战场（火烈岛_抢金币）_普通NPC“金币矿工（隐藏）”刷新点042	5	7	0	200001	18	20.1	0	-1	-1	0	-1
203043	娱乐战场（火烈岛_抢金币）_普通NPC“金币矿工（隐藏）”刷新点043	5	7	0	200001	7.46	28.18	0	-1	-1	0	-1
203044	娱乐战场（火烈岛_抢金币）_普通NPC“金币矿工（隐藏）”刷新点044	5	7	0	200001	57.8	-16.7	0	-1	-1	0	-1
203045	娱乐战场（火烈岛_抢金币）_普通NPC“金币矿工（隐藏）”刷新点045	5	8	0	100002	22.9	15.4	0	-1	-1	0	-1
203046	娱乐战场（火烈岛_抢金币）_普通NPC“金币矿工（隐藏）”刷新点046	5	7	0	200001	64.8	-42.83	0	-1	-1	0	-1
203047	娱乐战场（火烈岛_抢金币）_普通NPC“金币矿工（隐藏）”刷新点047	5	7	0	200001	62.1	9.4	0	-1	-1	0	-1
203048	娱乐战场（火烈岛_抢金币）_普通NPC“金币矿工（隐藏）”刷新点048	5	7	0	200001	54.98	-70.15	0	-1	-1	0	-1
203049	娱乐战场（火烈岛_抢金币）_普通NPC“金币矿工（隐藏）”刷新点049	5	7	0	200001	48.94	90.25	0	-1	-1	0	-1
203050	娱乐战场（火烈岛_抢金币）_普通NPC“金币矿工（隐藏）”刷新点050	5	7	0	200001	-53.3	35.8	0	-1	-1	0	-1
203051	娱乐战场（火烈岛_抢金币）_普通NPC“金币矿工（隐藏）”刷新点051	5	7	0	200001	37	-31.6	0	-1	-1	0	-1
203052	娱乐战场（火烈岛_抢金币）_普通NPC“金币矿工（隐藏）”刷新点052	5	7	0	200001	43.1	-24.9	0	-1	-1	0	-1
203053	娱乐战场（火烈岛_抢金币）_普通NPC“金币矿工（隐藏）”刷新点053	5	7	0	200001	33.3	-61.9	0	-1	-1	0	-1
203054	娱乐战场（火烈岛_抢金币）_普通NPC“金币矿工（隐藏）”刷新点054	5	7	0	200001	22.9	15.4	0	-1	-1	0	-1
203055	娱乐战场（火烈岛_抢金币）_普通NPC“金币矿工（隐藏）”刷新点055	5	7	0	200001	49.2	22.3	0	-1	-1	0	-1
203056	娱乐战场（火烈岛_抢金币）_普通NPC“金币矿工（隐藏）”刷新点056	5	8	0	100002	43.7	-64.4	0	-1	-1	0	-1
203057	娱乐战场（火烈岛_抢金币）_普通NPC“金币矿工（隐藏）”刷新点057	5	7	0	200001	16.36	-21.55	0	-1	-1	0	-1
203058	娱乐战场（火烈岛_抢金币）_普通NPC“金币矿工（隐藏）”刷新点058	5	7	0	200001	0.3	-69.3	0	-1	-1	0	-1
203059	娱乐战场（火烈岛_抢金币）_普通NPC“金币矿工（隐藏）”刷新点059	5	7	0	200001	22.9	-61.8	0	-1	-1	0	-1
203060	娱乐战场（火烈岛_抢金币）_普通NPC“金币矿工（隐藏）”刷新点060	5	7	0	200001	13.3	85.6	0	-1	-1	0	-1
203061	娱乐战场（火烈岛_抢金币）_普通NPC“金币矿工（隐藏）”刷新点061	5	7	0	200001	38.1	68.3	0	-1	-1	0	-1
203062	娱乐战场（火烈岛_抢金币）_普通NPC“金币矿工（隐藏）”刷新点062	5	7	0	200001	38.2	77.3	0	-1	-1	0	-1
203063	娱乐战场（火烈岛_抢金币）_普通NPC“金币矿工（隐藏）”刷新点063	5	7	0	200001	69.8	64.7	0	-1	-1	0	-1
203064	娱乐战场（火烈岛_抢金币）_普通NPC“金币矿工（隐藏）”刷新点064	5	7	0	200001	123.7	-8.6	0	-1	-1	0	-1
203065	娱乐战场（火烈岛_抢金币）_普通NPC“金币矿工（隐藏）”刷新点065	5	7	0	200001	104.2	35.6	0	-1	-1	0	-1
203066	娱乐战场（火烈岛_抢金币）_普通NPC“金币矿工（隐藏）”刷新点066	5	7	0	200001	63	62.2	0	-1	-1	0	-1
203067	娱乐战场（火烈岛_抢金币）_普通NPC“金币矿工（隐藏）”刷新点067	5	7	0	200001	113.26	16.58	0	-1	-1	0	-1
203068	娱乐战场（火烈岛_抢金币）_普通NPC“金币矿工（隐藏）”刷新点068	5	7	0	200001	45.7	85.4	0	-1	-1	0	-1
203069	娱乐战场（火烈岛_抢金币）_普通NPC“金币矿工（隐藏）”刷新点069	5	7	0	200001	6.4	74.8	0	-1	-1	0	-1
203070	娱乐战场（火烈岛_抢金币）_普通NPC“金币矿工（隐藏）”刷新点070	5	7	0	200001	61.5	84.9	0	-1	-1	0	-1
203071	娱乐战场（火烈岛_抢金币）_普通NPC“金币矿工（隐藏）”刷新点071	5	7	0	200001	94.7	34.79	0	-1	-1	0	-1
203072	娱乐战场（火烈岛_抢金币）_普通NPC“金币矿工（隐藏）”刷新点072	5	7	0	200001	-88.7	60.2	0	-1	-1	0	-1
203073	娱乐战场（火烈岛_抢金币）_普通NPC“金币矿工（隐藏）”刷新点073	5	7	0	200001	-41.6	76	0	-1	-1	0	-1
203074	娱乐战场（火烈岛_抢金币）_普通NPC“金币矿工（隐藏）”刷新点074	5	7	0	200001	114.8	25.9	0	-1	-1	0	-1
203075	娱乐战场（火烈岛_抢金币）_普通NPC“金币矿工（隐藏）”刷新点075	5	7	0	200001	120.2	3.9	0	-1	-1	0	-1
203076	娱乐战场（火烈岛_抢金币）_普通NPC“金币矿工（隐藏）”刷新点076	5	7	0	200001	112.3	-23.5	0	-1	-1	0	-1
203077	娱乐战场（火烈岛_抢金币）_普通NPC“金币矿工（隐藏）”刷新点077	5	8	0	100002	118.3	-28.9	0	-1	-1	0	-1
203078	娱乐战场（火烈岛_抢金币）_普通NPC“金币矿工（隐藏）”刷新点078	5	7	0	200001	-78.5	56.2	0	-1	-1	0	-1
203079	娱乐战场（火烈岛_抢金币）_普通NPC“金币矿工（隐藏）”刷新点079	5	7	0	200001	42.8	-40.9	0	-1	-1	0	-1
203080	娱乐战场（火烈岛_抢金币）_普通NPC“金币矿工（隐藏）”刷新点080	5	7	0	200001	39.9	-56.5	0	-1	-1	0	-1
203081	娱乐战场（火烈岛_抢金币）_普通NPC“金币矿工（隐藏）”刷新点081	5	7	0	200001	42.9	-3.8	0	-1	-1	0	-1
203082	娱乐战场（火烈岛_抢金币）_普通NPC“金币矿工（隐藏）”刷新点082	5	7	0	200001	11	12.2	0	-1	-1	0	-1
203083	娱乐战场（火烈岛_抢金币）_普通NPC“金币矿工（隐藏）”刷新点083	5	7	0	200001	55.55	-46.33	0	-1	-1	0	-1
203084	娱乐战场（火烈岛_抢金币）_普通NPC“金币矿工（隐藏）”刷新点084	5	7	0	200001	51.71	3.7	0	-1	-1	0	-1
203085	娱乐战场（火烈岛_抢金币）_普通NPC“金币矿工（隐藏）”刷新点085	5	7	0	200001	50.52794	-5.824188	0	-1	-1	0	-1
203086	娱乐战场（火烈岛_抢金币）_普通NPC“金币矿工（隐藏）”刷新点086	5	7	0	200001	-79.3	9.2	0	-1	-1	0	-1
203087	娱乐战场（火烈岛_抢金币）_普通NPC“金币矿工（隐藏）”刷新点087	5	7	0	200001	111.21	31.38	0	-1	-1	0	-1
203088	娱乐战场（火烈岛_抢金币）_普通NPC“金币矿工（隐藏）”刷新点088	5	7	0	200001	111.21	31.38	0	-1	-1	0	-1
#204001	娱乐战场（火烈岛_抢金币）_普通NPC“血包矿工（隐藏）”刷新点001	5	6	0	200002	55.3	16.9	0	-1	-1	0	-1
#204002	娱乐战场（火烈岛_抢金币）_普通NPC“血包矿工（隐藏）”刷新点002	5	6	0	200002	18.81	87.71	0	-1	-1	0	-1
#204003	娱乐战场（火烈岛_抢金币）_普通NPC“血包矿工（隐藏）”刷新点003	5	6	0	200002	114.3	-28.4	0	-1	-1	0	-1
#204004	娱乐战场（火烈岛_抢金币）_普通NPC“血包矿工（隐藏）”刷新点004	5	6	0	200002	97.55	34.02	0	-1	-1	0	-1
#204005	娱乐战场（火烈岛_抢金币）_普通NPC“血包矿工（隐藏）”刷新点005	5	6	0	200002	48.7	-69	0	-1	-1	0	-1
#204006	娱乐战场（火烈岛_抢金币）_普通NPC“血包矿工（隐藏）”刷新点006	5	6	0	200002	-101.4	34.3	0	-1	-1	0	-1
#204007	娱乐战场（火烈岛_抢金币）_普通NPC“血包矿工（隐藏）”刷新点007	5	6	0	200002	14.8	19.6	0	-1	-1	0	-1
#204008	娱乐战场（火烈岛_抢金币）_普通NPC“血包矿工（隐藏）”刷新点008	5	6	0	200002	55.1	65.4	0	-1	-1	0	-1
#204009	娱乐战场（火烈岛_抢金币）_普通NPC“血包矿工（隐藏）”刷新点009	5	6	0	200002	105.47	34.58	0	-1	-1	0	-1
#204010	娱乐战场（火烈岛_抢金币）_普通NPC“血包矿工（隐藏）”刷新点010	5	6	0	200002	-86.3	63.8	0	-1	-1	0	-1
#204011	娱乐战场（火烈岛_抢金币）_普通NPC“血包矿工（隐藏）”刷新点011	5	6	0	200002	54.8	-0.1	0	-1	-1	0	-1
#204012	娱乐战场（火烈岛_抢金币）_普通NPC“血包矿工（隐藏）”刷新点012	5	6	0	200002	75.7	-44.8	0	-1	-1	0	-1
#204013	娱乐战场（火烈岛_抢金币）_普通NPC“血包矿工（隐藏）”刷新点013	5	6	0	200002	108.2	22.2	0	-1	-1	0	-1
#204014	娱乐战场（火烈岛_抢金币）_普通NPC“血包矿工（隐藏）”刷新点014	5	6	0	200002	40.8	-48.8	0	-1	-1	0	-1
#204015	娱乐战场（火烈岛_抢金币）_普通NPC“血包矿工（隐藏）”刷新点015	5	6	0	200002	48.3	-8.6	0	-1	-1	0	-1
#204016	娱乐战场（火烈岛_抢金币）_普通NPC“血包矿工（隐藏）”刷新点016	5	6	0	200002	12.9	-62	0	-1	-1	0	-1
#204017	娱乐战场（火烈岛_抢金币）_普通NPC“血包矿工（隐藏）”刷新点017	5	6	0	200002	54.1	-46.3	0	-1	-1	0	-1
#204018	娱乐战场（火烈岛_抢金币）_普通NPC“血包矿工（隐藏）”刷新点018	5	6	0	200002	48.1	-23.3	0	-1	-1	0	-1
#204019	娱乐战场（火烈岛_抢金币）_普通NPC“血包矿工（隐藏）”刷新点019	5	6	0	200002	43.49	-40.01	0	-1	-1	0	-1
#204020	娱乐战场（火烈岛_抢金币）_普通NPC“血包矿工（隐藏）”刷新点020	5	6	0	200002	24.2	-1.7	0	-1	-1	0	-1
#204021	娱乐战场（火烈岛_抢金币）_普通NPC“血包矿工（隐藏）”刷新点021	5	6	0	200002	18.81	87.71	0	-1	-1	0	-1
#204022	娱乐战场（火烈岛_抢金币）_普通NPC“血包矿工（隐藏）”刷新点022	5	6	0	200002	64.2	62.96	0	-1	-1	0	-1
#204023	娱乐战场（火烈岛_抢金币）_普通NPC“血包矿工（隐藏）”刷新点023	5	6	0	200002	119.81	-21.28	0	-1	-1	0	-1
#204024	娱乐战场（火烈岛_抢金币）_普通NPC“血包矿工（隐藏）”刷新点024	5	6	0	200002	69.56	38.19	0	-1	-1	0	-1
#204025	娱乐战场（火烈岛_抢金币）_普通NPC“血包矿工（隐藏）”刷新点025	5	6	0	200002	43.7	71.79	0	-1	-1	0	-1
#204026	娱乐战场（火烈岛_抢金币）_普通NPC“血包矿工（隐藏）”刷新点026	5	6	0	200002	14.8	19.6	0	-1	-1	0	-1
#204027	娱乐战场（火烈岛_抢金币）_普通NPC“血包矿工（隐藏）”刷新点027	5	6	0	200002	31.68	-59.86	0	-1	-1	0	-1
#204028	娱乐战场（火烈岛_抢金币）_普通NPC“血包矿工（隐藏）”刷新点028	5	6	0	200002	47.52	71.82	0	-1	-1	0	-1
#204029	娱乐战场（火烈岛_抢金币）_普通NPC“血包矿工（隐藏）”刷新点029	5	6	0	200002	41.6	79.9	0	-1	-1	0	-1
#204030	娱乐战场（火烈岛_抢金币）_普通NPC“血包矿工（隐藏）”刷新点030	5	6	0	200002	39.85	-67.51	0	-1	-1	0	-1
#204031	娱乐战场（火烈岛_抢金币）_普通NPC“血包矿工（隐藏）”刷新点031	5	6	0	200002	6.4	83.3	0	-1	-1	0	-1
#204032	娱乐战场（火烈岛_抢金币）_普通NPC“血包矿工（隐藏）”刷新点032	5	6	0	200002	119	8.3	0	-1	-1	0	-1
#204033	娱乐战场（火烈岛_抢金币）_普通NPC“血包矿工（隐藏）”刷新点033	5	6	0	200002	32.25	83.6	0	-1	-1	0	-1
#204034	娱乐战场（火烈岛_抢金币）_普通NPC“血包矿工（隐藏）”刷新点034	5	6	0	200002	112.06	29.87	0	-1	-1	0	-1
205001	娱乐战场（火烈岛_抢金币）_逃亡时刻NPC（战场事件）“终极BOSS”刷新点	5	6	3	201001	12	3	-130	-1	-1	0	-1
206001	娱乐战场（火烈岛_抢金币）_追逐时刻NPC（战场事件）“夺金BOSS”刷新点001	5	6	2	202001	12	3	-130	-1	2020101	0	-1
206002	娱乐战场（火烈岛_抢金币）_追逐时刻NPC（战场事件）“夺金BOSS”刷新点002	5	6	2	202001	12	3	-130	-1	2020201	0	-1
207001	娱乐战场（火烈岛_抢金币）_劫掠时刻NPC（战场事件）“金矿车”刷新点001	5	6	1	203001	12	3	-130	-1	2010101	0	-1
207002	娱乐战场（火烈岛_抢金币）_劫掠时刻NPC（战场事件）“金矿车”刷新点002	5	6	1	203001	12	3	-130	-1	2010201	0	-1
207003	娱乐战场（火烈岛_抢金币）_劫掠时刻NPC（战场事件）“金矿车”刷新点003	5	6	1	203001	12	3	-130	-1	2010301	0	-1
207004	娱乐战场（火烈岛_抢金币）_劫掠时刻NPC（战场事件）“金矿车”刷新点004	5	6	1	203001	12	3	-130	-1	2010401	0	-1
208001	新手战场（火烈岛_抢金币）_场景buff_大_刷新点001	5	12	0	5	66.45	-59.4	0	-1	-1	0	-1
208002	新手战场（火烈岛_抢金币）_场景buff_大_刷新点002	5	12	0	6	21.2	67.6	0	-1	-1	0	-1
208101	新手战场（火烈岛_抢金币）_场景buff_小_刷新点001	5	12	0	4	7.93	25.23001	0	-1	-1	0	-1
#208102	新手战场（火烈岛_抢金币）_场景buff_小_刷新点002	5	12	0	4	66.27	-58.94	322.8756	-1	-1	0	-1
208103	新手战场（火烈岛_抢金币）_场景buff_小_刷新点003	5	12	0	4	36.55	11.14001	345.6933	-1	-1	0	-1
208104	新手战场（火烈岛_抢金币）_场景buff_小_刷新点004	5	12	0	4	99.19	18.55001	344.0302	-1	-1	0	-1
208105	新手战场（火烈岛_抢金币）_场景buff_小_刷新点005	5	12	0	4	60.84	79.59	36.55387	-1	-1	0	-1
208106	新手战场（火烈岛_抢金币）_场景buff_小_刷新点006	5	12	0	4	5.97	100.92	0	-1	-1	0	-1
208107	新手战场（火烈岛_抢金币）_场景buff_小_刷新点007	5	12	0	4	-72.4	-58.3	0.3064672	-1	-1	0	-1
208108	新手战场（火烈岛_抢金币）_场景buff_小_刷新点008	5	12	0	4	-53.9	-30.73	0	-1	-1	0	-1
208109	新手战场（火烈岛_抢金币）_场景buff_小_刷新点009	5	12	0	4	10.88	-49.77999	36.02606	-1	-1	0	-1
208110	新手战场（火烈岛_抢金币）_场景buff_小_刷新点010	5	12	0	4	-92.69	43.54	0	-1	-1	0	-1
#209001	娱乐战场（火烈岛_抢金币）_NPC（战场事件）“货船”刷新点001	5	6	4	204001	87	82	-130	-1	-1	0	-1
#210001	娱乐战场（火烈岛_抢金币）_NPC（战场事件）“黄金钱罐”刷新点001	5	3	1	20002	18	3	0	-1	-1	0	-1
220001	娱乐战场（火烈岛_抢金币）_场景中心点001	5	10	0	-1	-103.6	9.8	0	-1	-1	0	-1
220002	娱乐战场（火烈岛_抢金币）_场景中心点002	5	10	0	-1	-69.1	14.7	0	-1	-1	0	-1
220003	娱乐战场（火烈岛_抢金币）_场景中心点003	5	10	0	-1	106.2	-9	0	-1	-1	0	-1
220004	娱乐战场（火烈岛_抢金币）_场景中心点004	5	10	0	-1	113.5	11.6	0	-1	-1	0	-1
220005	娱乐战场（火烈岛_抢金币）_场景中心点005	5	10	0	-1	16	19.8	0	-1	-1	0	-1
220006	娱乐战场（火烈岛_抢金币）_场景中心点006	5	10	0	-1	-97.1	-35.5	0	-1	-1	0	-1
220007	娱乐战场（火烈岛_抢金币）_场景中心点007	5	10	0	-1	16	19.8	0	-1	-1	0	-1
220008	娱乐战场（火烈岛_抢金币）_场景中心点008	5	10	0	-1	21.1	86.5	0	-1	-1	0	-1
220009	娱乐战场（火烈岛_抢金币）_场景中心点009	5	10	0	-1	42.4	-48.8	0	-1	-1	0	-1
220010	娱乐战场（火烈岛_抢金币）_场景中心点010	5	10	0	-1	75.3	-39.3	0	-1	-1	0	-1
220011	娱乐战场（火烈岛_抢金币）_场景中心点011	5	10	0	-1	49.2	-4.2	0	-1	-1	0	-1
220012	娱乐战场（火烈岛_抢金币）_场景中心点012	5	10	0	-1	45.7	72.3	0	-1	-1	0	-1
211001	娱乐战场（火烈岛_抢金币）_安全区复活点001	5	11	0	-1	-64.32903	41.38659	0	-1	-1	0	-1
211002	娱乐战场（火烈岛_抢金币）_安全区复活点002	5	11	0	-1	21.9	14.5	0	-1	-1	0	-1
211003	娱乐战场（火烈岛_抢金币）_安全区复活点003	5	11	0	-1	58.9	8.3	0	-1	-1	0	-1
211004	娱乐战场（火烈岛_抢金币）_安全区复活点004	5	11	0	-1	-88.7	23.8	0	-1	-1	0	-1
211005	娱乐战场（火烈岛_抢金币）_安全区复活点005	5	11	0	-1	-50.6	40.4	0	-1	-1	0	-1
211006	娱乐战场（火烈岛_抢金币）_安全区复活点006	5	11	0	-1	51.7	64.4	0	-1	-1	0	-1
211007	娱乐战场（火烈岛_抢金币）_安全区复活点007	5	11	0	-1	-74.9	54.7	0	-1	-1	0	-1
211008	娱乐战场（火烈岛_抢金币）_安全区复活点008	5	11	0	-1	96.4	33.8	0	-1	-1	0	-1
211009	娱乐战场（火烈岛_抢金币）_安全区复活点009	5	11	0	-1	-61.7	69.1	0	-1	-1	0	-1
211010	娱乐战场（火烈岛_抢金币）_安全区复活点010	5	11	0	-1	15.2	64.2	0	-1	-1	0	-1
211011	娱乐战场（火烈岛_抢金币）_安全区复活点011	5	11	0	-1	-54.4	-9.9	0	-1	-1	0	-1
211012	娱乐战场（火烈岛_抢金币）_安全区复活点012	5	11	0	-1	-21.7	81.1	0	-1	-1	0	-1
211013	娱乐战场（火烈岛_抢金币）_安全区复活点013	5	11	0	-1	-71.3	-24.3	0	-1	-1	0	-1
211014	娱乐战场（火烈岛_抢金币）_安全区复活点014	5	11	0	-1	8.1	-67.1	0	-1	-1	0	-1
211015	娱乐战场（火烈岛_抢金币）_安全区复活点015	5	11	0	-1	-84.1	-42.9	0	-1	-1	0	-1
211016	娱乐战场（火烈岛_抢金币）_安全区复活点016	5	11	0	-1	4.3	81.3	0	-1	-1	0	-1
211017	娱乐战场（火烈岛_抢金币）_安全区复活点017	5	11	0	-1	39.7	-55.5	0	-1	-1	0	-1
211018	娱乐战场（火烈岛_抢金币）_安全区复活点018	5	11	0	-1	-100.3	-11.6	0	-1	-1	0	-1
211019	娱乐战场（火烈岛_抢金币）_安全区复活点019	5	11	0	-1	32.6	80.8	0	-1	-1	0	-1
211020	娱乐战场（火烈岛_抢金币）_安全区复活点020	5	11	0	-1	-83.7	-3.3	0	-1	-1	0	-1
211021	娱乐战场（火烈岛_抢金币）_安全区复活点021	5	11	0	-1	28.3	90.2	0	-1	-1	0	-1
211022	娱乐战场（火烈岛_抢金币）_安全区复活点022	5	11	0	-1	60.83	-44.89	0	-1	-1	0	-1
211023	娱乐战场（火烈岛_抢金币）_安全区复活点023	5	11	0	-1	-89.1	63.8	0	-1	-1	0	-1
211024	娱乐战场（火烈岛_抢金币）_安全区复活点024	5	11	0	-1	13.4	86.6	0	-1	-1	0	-1
211025	娱乐战场（火烈岛_抢金币）_安全区复活点025	5	11	0	-1	41.9	65.3	0	-1	-1	0	-1
211026	娱乐战场（火烈岛_抢金币）_安全区复活点026	5	11	0	-1	59.6	-18.19	0	-1	-1	0	-1
211027	娱乐战场（火烈岛_抢金币）_安全区复活点027	5	11	0	-1	40.4	-29.3	0	-1	-1	0	-1
211028	娱乐战场（火烈岛_抢金币）_安全区复活点028	5	11	0	-1	62.1	60.1	0	-1	-1	0	-1
211029	娱乐战场（火烈岛_抢金币）_安全区复活点029	5	11	0	-1	47.3	-68.6	0	-1	-1	0	-1
211030	娱乐战场（火烈岛_抢金币）_安全区复活点030	5	11	0	-1	-51.2	79.2	0	-1	-1	0	-1
211031	娱乐战场（火烈岛_抢金币）_安全区复活点031	5	11	0	-1	67.08	4.33	0	-1	-1	0	-1
211032	娱乐战场（火烈岛_抢金币）_安全区复活点032	5	11	0	-1	-106.2	25.5	0	-1	-1	0	-1
211033	娱乐战场（火烈岛_抢金币）_安全区复活点033	5	11	0	-1	50.1	-6.5	0	-1	-1	0	-1
211034	娱乐战场（火烈岛_抢金币）_安全区复活点034	5	11	0	-1	113	23.9	0	-1	-1	0	-1
211035	娱乐战场（火烈岛_抢金币）_安全区复活点035	5	11	0	-1	42.6	-39.46	0	-1	-1	0	-1
211036	娱乐战场（火烈岛_抢金币）_安全区复活点036	5	11	0	-1	74.2	-43.4	0	-1	-1	0	-1
211037	娱乐战场（火烈岛_抢金币）_安全区复活点037	5	11	0	-1	23.3	-5.3	0	-1	-1	0	-1
211038	娱乐战场（火烈岛_抢金币）_安全区复活点038	5	11	0	-1	42.7	80.1	0	-1	-1	0	-1
211039	娱乐战场（火烈岛_抢金币）_安全区复活点039	5	11	0	-1	122.6	-7.5	0	-1	-1	0	-1
211040	娱乐战场（火烈岛_抢金币）_安全区复活点040	5	11	0	-1	115.9	-24.5	0	-1	-1	0	-1
211041	娱乐战场（火烈岛_抢金币）_安全区复活点041	5	11	0	-1	106.1	32.1	0	-1	-1	0	-1
212001	娱乐战场（火烈岛_抢金币）_木桩NPC_画画1	5	6	5	206023	91.7	25.5	3.4	-1	-1	0	-1
212002	娱乐战场（火烈岛_抢金币）_木桩NPC_画画2	5	6	5	206023	71	62	-53	-1	-1	0	-1
212003	娱乐战场（火烈岛_抢金币）_木桩NPC_画画3	5	6	5	206023	-9.87	105	82	-1	-1	0	-1
212005	娱乐战场（火烈岛_抢金币）_木桩NPC_画画5	5	6	5	206023	2.1	36	156	-1	-1	0	-1
212006	娱乐战场（火烈岛_抢金币）_木桩NPC_画画6	5	6	5	206023	80.8	-52	-71	-1	-1	0	-1
#212007	娱乐战场（火烈岛_抢金币）_木桩NPC_画画7	5	6	5	206023	-116	7.5	93.6	-1	-1	0	-1
212008	娱乐战场（火烈岛_抢金币）_北区画画四人组1	5	6	7	206006	-55	47.4	166	-1	-1	0	11
212010	娱乐战场（火烈岛_抢金币）_木桩NPC_沉思者2	5	6	5	206022	-68	42.9	128.6	-1	-1	0	-1
212011	娱乐战场（火烈岛_抢金币）_木桩NPC_沉思者3	5	6	5	206022	0.9	-41.68	124	-1	-1	0	-1
212013	娱乐战场（火烈岛_抢金币）_木桩NPC_聊天1-1	5	6	6	206007	33.68	61.28	60	-1	-1	0	4
212014	娱乐战场（火烈岛_抢金币）_木桩NPC_聊天2-1	5	6	6	206007	-89.3	55	87.7	-1	-1	0	5
212015	娱乐战场（火烈岛_抢金币）_木桩NPC_聊天3-1	5	6	8	206007	14.36	-3.37	141.4	-1	-1	0	1
212016	娱乐战场（火烈岛_抢金币）_木桩NPC_玩手机A1	5	6	5	206005	-81.3	-40.8	-19	-1	-1	0	8
212018	娱乐战场（火烈岛_抢金币）_木桩NPC_玩手机A3	5	6	8	206005	12.2	-6.5	116.6	-1	-1	0	1
212019	娱乐战场（火烈岛_抢金币）_木桩NPC_玩手机B1	5	6	5	206024	-78	-4	165	-1	-1	0	-1
212020	娱乐战场（火烈岛_抢金币）_木桩NPC_玩手机B2	5	6	5	206024	64.4	10.5	0	-1	-1	0	-1
212022	娱乐战场（火烈岛_抢金币）_木桩NPC_吃鸡2	5	6	5	206025	25	-85.5	0	-1	-1	0	-1
212023	娱乐战场（火烈岛_抢金币）_木桩NPC_吃鸡3	5	6	8	206011	22	-9	-64	-1	-1	0	1
212025	娱乐战场（火烈岛_抢金币）_木桩NPC_吃饭2	5	6	5	206026	-62.2	-17	-26	-1	-1	0	-1
212026	娱乐战场（火烈岛_抢金币）_木桩NPC_吃饭3	5	6	5	206026	-74	6	141	-1	-1	0	-1
212027	娱乐战场（火烈岛_抢金币）_木桩NPC_吃饭4	5	6	5	206015	21	-5	-97.5	-1	-1	0	1
212028	娱乐战场（火烈岛_抢金币）_木桩NPC_打扑克1	5	6	7	206012	19.3	9	0	-1	-1	0	3
212029	娱乐战场（火烈岛_抢金币）_木桩NPC_打扑克2	5	6	7	206013	16.7	5.9	0	-1	-1	0	3
212030	娱乐战场（火烈岛_抢金币）_木桩NPC_打扑克3	5	6	7	206014	15	8.7	0	-1	-1	0	3
212031	娱乐战场（火烈岛_抢金币）_木桩NPC_喝酒A1	5	6	6	206009	-52.7	-18.92	0	-1	-1	0	9
212032	娱乐战场（火烈岛_抢金币）_木桩NPC_喝酒A2	5	6	7	206009	-57.2	-14.52	92	-1	-1	0	9
212033	娱乐战场（火烈岛_抢金币）_木桩NPC_喝酒A3	5	6	8	206009	18.3	-14.2	-78.3	-1	-1	0	1
212034	娱乐战场（火烈岛_抢金币）_木桩NPC_喝酒B1	5	6	7	206010	-49	-12.2	-106	-1	-1	0	9
212035	娱乐战场（火烈岛_抢金币）_木桩NPC_喝酒B2	5	6	8	206010	12.6	-11.3	124.2	-1	-1	0	1
212036	娱乐战场（火烈岛_抢金币）_木桩NPC_下棋1	5	6	7	206002	48.23	-81.23	86	-1	-1	0	2
212037	娱乐战场（火烈岛_抢金币）_木桩NPC_下棋2	5	6	7	206003	45.33	-77.53	76.7	-1	-1	0	2
212038	娱乐战场（火烈岛_抢金币）_木桩NPC_下棋3	5	6	7	206004	47.83	-76.33	84	-1	-1	0	2
212039	娱乐战场（火烈岛_抢金币）_木桩NPC_聊天1-2	5	6	6	206016	32.63	64.18	60	-1	-1	0	4
212040	娱乐战场（火烈岛_抢金币）_木桩NPC_聊天2-2	5	6	6	206016	88.98	58.2	87.7	-1	-1	0	5
212041	娱乐战场（火烈岛_抢金币）_木桩NPC_聊天3-2	5	6	8	206016	17	-0.185	141.4	-1	-1	0	1
212042	火烈岛北区七人众，手机	5	6	8	206005	-99.34	5.59	116.6	-1	-1	0	6
212043	火烈岛北区七人众，聊天1	5	6	8	206007	-97.14	8.69	141.4	-1	-1	0	6
212044	火烈岛北区七人众，聊天2	5	6	8	206016	-94.54	11.89	141.4	-1	-1	0	6
212045	火烈岛北区七人众，吃肉	5	6	8	206015	-90.54	7.09	-97.5	-1	-1	0	6
212046	火烈岛北区七人众，吃鸡	5	6	8	206011	-89.54	3.09	-64	-1	-1	0	6
212047	火烈岛北区七人众，喝酒1	5	6	8	206009	-98.94	0.79	124.2	-1	-1	0	6
212048	火烈岛北区七人众，喝酒2	5	6	8	206010	-93.24	-2.11	-78.3	-1	-1	0	6
212049	火烈岛北区五人众手机	5	6	7	206005	-107.41	28.69	116.6	-1	-1	0	7
212050	火烈岛北区五人众吃肉	5	6	7	206015	-97.84	27.37	-64	-1	-1	0	7
212051	火烈岛北区五人众吃鸡	5	6	7	206011	-100.4	31.39	-145.2	-1	-1	0	7
212052	火烈岛北区五人众喝酒1	5	6	7	206009	-107	23.9	124.2	-1	-1	0	7
212053	火烈岛北区五人众喝酒2	5	6	7	206010	-101.3	21	-78.3	-1	-1	0	7
212054	娱乐战场（火烈岛_抢金币）_木桩NPC_玩手机B3（和A1同组）	5	6	5	206008	-80.73	-45.43	176.54	-1	-1	0	8
212055	娱乐战场（火烈岛_抢金币）_木桩NPC_喝酒A1	5	6	5	206009	-53.85	-5.9	56.98	-1	-1	0	10
212056	娱乐战场（火烈岛_抢金币）_木桩NPC_喝酒B1	5	6	5	206010	-49.35	-4.11	-106	-1	-1	0	10
212057	北区画画四人组2	5	6	7	206006	-57.94	42.2	58.2	-1	-1	0	11
212058	北区画画四人组3	5	6	7	206006	-53.83	40	-32.38	-1	-1	0	11
212059	北区画画四人组4	5	6	7	206006	-51.61	44.29	-94.3	-1	-1	0	11
212060	西区西下棋3人组B1	5	6	7	206002	56	-69.7	-119.65	-1	-1	0	12
212061	西区西下棋3人组B2	5	6	7	206003	60.1	-71.8	-128.95	-1	-1	0	12
212062	西区西下棋3人组B3	5	6	7	206004	58.4	-73.97	-121.65	-1	-1	0	12
212063	西区手机2人组1	5	6	6	206005	75.5	-14	-94	-1	-1	0	13
212064	西区手机2人组2	5	6	6	206008	71.86	-15.49	59.25	-1	-1	0	13
212065	火烈岛东区五人众手机A	5	6	7	206005	41.62	59.74	60	-1	-1	0	14
212066	火烈岛东区五人众手机B	5	6	7	206008	43.24	64.62	115.89	-1	-1	0	14
212067	火烈岛东区五人众手机A	5	6	7	206005	47.45	64.41	-158.45	-1	-1	0	14
212068	火烈岛东区五人众手机B	5	6	7	206008	49.43	59.96	-57.78	-1	-1	0	14
212069	火烈岛东区五人众手机A	5	6	7	206005	45.85	57.07	-10.3	-1	-1	0	14
212070	火烈岛东区2人组手机A	5	6	6	206005	-3	108.3	-120.7	-1	-1	0	15
212071	火烈岛东区2人组手机B	5	6	6	206008	-1	109.9	38.95	-1	-1	0	15
212072	北区磁铁buff-画画	5	6	6	206017	-93.83	-25.8	-108.7	-1	-1	0	-1
212073	北区恢复buff-吃鸡	5	6	6	206018	-74.31	74.85	-46.5	-1	-1	0	-1
212074	西区加攻buff-喝酒	5	6	6	206020	25.93	-77.3	144.1	-1	-1	0	-1
212075	西区恢复buff-吃鸡	5	6	6	206018	66.75	-4.89	64.6	-1	-1	0	-1
212076	南区加速buff-玩手机	5	6	6	206019	110	-7.92	-114	-1	-1	0	-1
212077	南区cdbuff-沉思	5	6	6	206021	113	2.2	-8.5	-1	-1	0	-1
212078	东区加速buff-玩手机	5	6	6	206019	7.56	74.87	-162	-1	-1	0	-1
212079	东区加攻buff-喝酒	5	6	6	206020	36.3	99.7	0	-1	-1	0	-1
300001	天赋测试_出生点01	6	1	0	10001	0	0	0	-1	-1	1	-1
